[gd_scene load_steps=10 format=3 uid="uid://dohri77avrws0"]

[ext_resource type="PackedScene" uid="uid://sihf8et5gow5" path="res://scenes/dummy_platform.tscn" id="1_0wfyh"]
[ext_resource type="PackedScene" uid="uid://c6m3gx7a44ed3" path="res://scenes/camera.tscn" id="2_0wfyh"]
[ext_resource type="PackedScene" uid="uid://daaj7dkcgs36n" path="res://scenes/pillar.tscn" id="3_sugp2"]
[ext_resource type="ArrayMesh" uid="uid://c3ob0hk82mw2t" path="res://assets/chair.obj" id="4_jyhfs"]
[ext_resource type="PackedScene" uid="uid://oojbdk3w6law" path="res://scenes/moving_platform.tscn" id="5_tbgi4"]

[sub_resource type="Environment" id="Environment_o6xl0"]
background_mode = 2
tonemap_mode = 2
glow_enabled = true
fog_mode = 1
fog_light_color = Color(0, 0, 0, 1)
fog_light_energy = 0.0
fog_density = 0.1684
fog_aerial_perspective = 0.305
fog_sky_affect = 0.0
fog_depth_curve = 25.1067
fog_depth_begin = 0.0
fog_depth_end = 0.0
volumetric_fog_density = 0.1868
volumetric_fog_albedo = Color(0, 0, 0, 1)
volumetric_fog_emission_energy = 355.71
volumetric_fog_gi_inject = 2.33
volumetric_fog_anisotropy = 0.31
volumetric_fog_length = 0.01
volumetric_fog_detail_spread = 6.0

[sub_resource type="Shader" id="Shader_jyhfs"]
code = "shader_type spatial;

void vertex() {
	// Called for every vertex the material is visible on.
}

void fragment() {
	// Called for every pixel the material is visible on.
}

//void light() {
//	// Called for every pixel for every light affecting the material.
//	// Uncomment to replace the default light processing function with this one.
//}
"

[sub_resource type="ShaderMaterial" id="ShaderMaterial_tbgi4"]
render_priority = 0
shader = SubResource("Shader_jyhfs")

[sub_resource type="BoxShape3D" id="BoxShape3D_tbgi4"]
size = Vector3(0.62, 1, 0.845)

[node name="Main" type="Node3D"]

[node name="WorldEnvironment" type="WorldEnvironment" parent="."]
environment = SubResource("Environment_o6xl0")

[node name="Spawn" type="Marker3D" parent="."]
transform = Transform3D(-0.331289, -1.27004e-08, -0.943529, 7.64992e-08, 1, -4.03207e-08, 0.943529, -8.5537e-08, -0.331289, -6.2026, 6.18324, -0.241735)

[node name="InitialPlatform" parent="." instance=ExtResource("1_0wfyh")]

[node name="LightGroup" type="Node" parent="."]

[node name="DirectionalLight" type="DirectionalLight3D" parent="LightGroup"]
transform = Transform3D(1, 0, 0, 0, 1, 0, 0, 0, 1, -1.26524, 7.28088, 0)
visible = false
light_color = Color(0.993505, 0.92244, 0.722921, 1)
light_energy = 0.515
light_angular_distance = 1.0
sky_mode = 1

[node name="SpotLight" type="SpotLight3D" parent="LightGroup"]
transform = Transform3D(1, 0, 0, 0, 0.422397, 0.906411, 0, -0.906411, 0.422397, 2.49367, 6.24357, 2.68697)
layers = 31
light_color = Color(0.993505, 0.92244, 0.722921, 1)
light_energy = 4.131
light_indirect_energy = 18.94
light_size = 1.0
light_specular = 5.187
shadow_enabled = true
shadow_bias = 0.48
spot_range = 9.72837

[node name="SpotLight2" type="SpotLight3D" parent="LightGroup"]
transform = Transform3D(1, 0, 0, 0, 0.422397, 0.906411, 0, -0.906411, 0.422397, 15.0637, 15.5502, 16.4657)
layers = 31
light_color = Color(0.993505, 0.92244, 0.722921, 1)
light_energy = 4.131
light_indirect_energy = 18.94
light_size = 1.0
light_specular = 5.187
shadow_enabled = true
shadow_bias = 0.48
spot_range = 9.72837

[node name="OmniLight3D3" type="OmniLight3D" parent="LightGroup"]
transform = Transform3D(0.999995, 0.00301494, -0.000817713, -0.00301339, 0.999994, 0.0018847, 0.000823409, -0.00188222, 0.999998, 35.3816, 5.81518, 11.2096)
light_color = Color(0.993505, 0.92244, 0.722921, 1)
light_size = 1.0
omni_range = 14.2625

[node name="Character" parent="." node_paths=PackedStringArray("SpawnPoint") instance=ExtResource("2_0wfyh")]
transform = Transform3D(1, 0, 0, 0, 1, 0, 0, 0, 1, -6.41088, 12.3935, 6.46076)
FallSpeed = 100
JumpSpeed = 450
SpawnPoint = NodePath("../Spawn")

[node name="StaticBody3D2" parent="." instance=ExtResource("1_0wfyh")]
transform = Transform3D(1, 0, 0, 0, 1, 0, 0, 0, 1, 15.561, 1.4424, 7.859)

[node name="StaticBody3D" parent="." instance=ExtResource("1_0wfyh")]
transform = Transform3D(1, 0, 0, 0, 1, 0, 0, 0, 1, 31.0541, 0, 12.972)

[node name="Pillar" parent="." instance=ExtResource("3_sugp2")]
transform = Transform3D(1, 0, 0, 0, 1, 0, 0, 0, 1, 0, 0.506453, 0)

[node name="Pillar2" parent="." instance=ExtResource("3_sugp2")]
transform = Transform3D(1, 0, 0, 0, 1, 0, 0, 0, 1, 25.1927, 0.609385, 10.1222)

[node name="StaticBody3D3" parent="." instance=ExtResource("1_0wfyh")]
transform = Transform3D(1, 0, 0, 0, 1, 0, 0, 0, 1, 13.113, 9.33558, 5.35859)

[node name="StaticBody3D4" parent="." instance=ExtResource("1_0wfyh")]
transform = Transform3D(0.96217, 0.272448, 0, -0.272448, 0.96217, 0, 0, 0, 1, 16.1693, 7.1177, 20.3611)

[node name="Chair" type="MeshInstance3D" parent="."]
transform = Transform3D(1.845, 0, 0, 0, 1.845, 0, 0, 0, 1.845, 3.7077, 0.22323, 0.545166)
material_override = SubResource("ShaderMaterial_tbgi4")
mesh = ExtResource("4_jyhfs")

[node name="StaticBody3D" type="StaticBody3D" parent="Chair"]

[node name="CollisionShape3D" type="CollisionShape3D" parent="Chair/StaticBody3D"]
transform = Transform3D(-0.938788, 0, -0.344496, 0, 1, 0, 0.344496, 0, -0.938788, 1.363, 0.530427, 0.609)
shape = SubResource("BoxShape3D_tbgi4")

[node name="MovingPlatform" parent="." instance=ExtResource("5_tbgi4")]
transform = Transform3D(1, 0, 0, 0, 1, 0, 0, 0, 1, -10.3456, 0, 0.540649)
